function [spectrum, totPower, wavel_nom] = FQT35624AUA( wavel )
% [spectrum, totPower, wavel_nom] = fietje( wavel )
% Provides power density spectrum [mW/nm] of Fietje FQT35624AUA LED, 3mm
% package.
%
% Inputs
% wavel - desired wavelengths (nm)
%
% Outputs
% spectrum - matrix containing power spectral density (uW/nm) of LED.
% Values are interpolated for the wavelengths provided in the input. Values outside
% the originally measured range are extrapolated to zero.
%
% totPower - irradiance integrated over wavel wavelengths (mW).
%
% wavel_nom - nominal wavelengths over which LED spectrum is experimentally
% measured (nm).
%
% See also
% PD_resp, solarIrr, sabic, getLed, fietje
%
% P. Silveira, Feb. 2016
% BSX Proprietary

% Measured values originally available at
% \Google Drive\Tech_RD\Sensor\Development\Release to Market
% Product\LED_characterization\Fietje 1020nm 3mm package
% Example:
% filen = dir('*.txt');
% [spectrum, wavel] = readOO({filen.name});
% Confirmed that all LEDs have readings at exactly the same wavelengths
% (from 632.364nm to 1123.16nm).

mArea = 1.19459060652752e-4; % = pi*(3900e-4/2)^2 * 1e-3;  Area of cosine corrector (cm^2) divided by 1000 to convert from uW to mW. Cosine corrector diameter = 3900um = 0.39cm

wavel_nom = [632.364000
    632.830000
    633.295000
    633.761000
    634.227000
    634.692000
    635.158000
    635.624000
    636.090000
    636.556000
    637.021000
    637.487000
    637.953000
    638.419000
    638.885000
    639.351000
    639.817000
    640.283000
    640.749000
    641.215000
    641.681000
    642.147000
    642.613000
    643.080000
    643.546000
    644.012000
    644.478000
    644.945000
    645.411000
    645.877000
    646.344000
    646.810000
    647.277000
    647.743000
    648.209000
    648.676000
    649.143000
    649.609000
    650.076000
    650.542000
    651.009000
    651.476000
    651.942000
    652.409000
    652.876000
    653.343000
    653.810000
    654.276000
    654.743000
    655.210000
    655.677000
    656.144000
    656.611000
    657.078000
    657.545000
    658.012000
    658.479000
    658.946000
    659.414000
    659.881000
    660.348000
    660.815000
    661.283000
    661.750000
    662.217000
    662.684000
    663.152000
    663.619000
    664.087000
    664.554000
    665.022000
    665.489000
    665.957000
    666.424000
    666.892000
    667.360000
    667.827000
    668.295000
    668.763000
    669.230000
    669.698000
    670.166000
    670.634000
    671.102000
    671.569000
    672.037000
    672.505000
    672.973000
    673.441000
    673.909000
    674.377000
    674.845000
    675.314000
    675.782000
    676.250000
    676.718000
    677.186000
    677.654000
    678.123000
    678.591000
    679.059000
    679.528000
    679.996000
    680.464000
    680.933000
    681.401000
    681.870000
    682.338000
    682.807000
    683.275000
    683.744000
    684.213000
    684.681000
    685.150000
    685.619000
    686.088000
    686.556000
    687.025000
    687.494000
    687.963000
    688.432000
    688.901000
    689.369000
    689.838000
    690.307000
    690.776000
    691.245000
    691.715000
    692.184000
    692.653000
    693.122000
    693.591000
    694.060000
    694.530000
    694.999000
    695.468000
    695.937000
    696.407000
    696.876000
    697.346000
    697.815000
    698.285000
    698.754000
    699.224000
    699.693000
    700.163000
    700.632000
    701.102000
    701.572000
    702.041000
    702.511000
    702.981000
    703.450000
    703.920000
    704.390000
    704.860000
    705.330000
    705.800000
    706.270000
    706.740000
    707.210000
    707.680000
    708.150000
    708.620000
    709.090000
    709.560000
    710.030000
    710.500000
    710.970000
    711.441000
    711.911000
    712.381000
    712.852000
    713.322000
    713.792000
    714.263000
    714.733000
    715.204000
    715.674000
    716.145000
    716.615000
    717.086000
    717.556000
    718.027000
    718.498000
    718.968000
    719.439000
    719.910000
    720.381000
    720.851000
    721.322000
    721.793000
    722.264000
    722.735000
    723.206000
    723.677000
    724.148000
    724.619000
    725.090000
    725.561000
    726.032000
    726.503000
    726.974000
    727.445000
    727.917000
    728.388000
    728.859000
    729.330000
    729.802000
    730.273000
    730.744000
    731.216000
    731.687000
    732.159000
    732.630000
    733.102000
    733.573000
    734.045000
    734.516000
    734.988000
    735.460000
    735.931000
    736.403000
    736.875000
    737.347000
    737.818000
    738.290000
    738.762000
    739.234000
    739.706000
    740.178000
    740.650000
    741.122000
    741.594000
    742.066000
    742.538000
    743.010000
    743.482000
    743.954000
    744.426000
    744.899000
    745.371000
    745.843000
    746.315000
    746.788000
    747.260000
    747.733000
    748.205000
    748.677000
    749.150000
    749.622000
    750.095000
    750.567000
    751.040000
    751.513000
    751.985000
    752.458000
    752.930000
    753.403000
    753.876000
    754.349000
    754.822000
    755.294000
    755.767000
    756.240000
    756.713000
    757.186000
    757.659000
    758.132000
    758.605000
    759.078000
    759.551000
    760.024000
    760.497000
    760.970000
    761.444000
    761.917000
    762.390000
    762.863000
    763.337000
    763.810000
    764.283000
    764.757000
    765.230000
    765.703000
    766.177000
    766.650000
    767.124000
    767.597000
    768.071000
    768.545000
    769.018000
    769.492000
    769.966000
    770.439000
    770.913000
    771.387000
    771.861000
    772.334000
    772.808000
    773.282000
    773.756000
    774.230000
    774.704000
    775.178000
    775.652000
    776.126000
    776.600000
    777.074000
    777.548000
    778.022000
    778.497000
    778.971000
    779.445000
    779.919000
    780.394000
    780.868000
    781.342000
    781.817000
    782.291000
    782.765000
    783.240000
    783.714000
    784.189000
    784.663000
    785.138000
    785.613000
    786.087000
    786.562000
    787.037000
    787.511000
    787.986000
    788.461000
    788.936000
    789.410000
    789.885000
    790.360000
    790.835000
    791.310000
    791.785000
    792.260000
    792.735000
    793.210000
    793.685000
    794.160000
    794.635000
    795.110000
    795.586000
    796.061000
    796.536000
    797.011000
    797.487000
    797.962000
    798.437000
    798.913000
    799.388000
    799.863000
    800.339000
    800.814000
    801.290000
    801.765000
    802.241000
    802.717000
    803.192000
    803.668000
    804.144000
    804.619000
    805.095000
    805.571000
    806.047000
    806.522000
    806.998000
    807.474000
    807.950000
    808.426000
    808.902000
    809.378000
    809.854000
    810.330000
    810.806000
    811.282000
    811.758000
    812.234000
    812.711000
    813.187000
    813.663000
    814.139000
    814.616000
    815.092000
    815.568000
    816.045000
    816.521000
    816.997000
    817.474000
    817.950000
    818.427000
    818.903000
    819.380000
    819.857000
    820.333000
    820.810000
    821.287000
    821.763000
    822.240000
    822.717000
    823.194000
    823.670000
    824.147000
    824.624000
    825.101000
    825.578000
    826.055000
    826.532000
    827.009000
    827.486000
    827.963000
    828.440000
    828.917000
    829.394000
    829.872000
    830.349000
    830.826000
    831.303000
    831.781000
    832.258000
    832.735000
    833.213000
    833.690000
    834.167000
    834.645000
    835.122000
    835.600000
    836.077000
    836.555000
    837.033000
    837.510000
    837.988000
    838.466000
    838.943000
    839.421000
    839.899000
    840.377000
    840.854000
    841.332000
    841.810000
    842.288000
    842.766000
    843.244000
    843.722000
