function [collagen, water] = collagenSpectrum(wavelength)
% Provides absorption spectra of collagen and water at specified
% wavelengths.
% Uses cubic interpolation for wavelengths in the range from
% 768.9nm to 1546.97nm. Uses linear interpolation (and extrapolation) when ANY
% of the input wavelengths is outside this range.
%
% Col 1: Wavelength in (nm) converted from wavenumber (cm^-1) so they are
% strange values and sorted highest to lowest
% Col 2: A mixture of collagen I,II,II,& IV (Actually an average of the
% individual spectra, there may be significant scattering in the cuvette
% due to solids)
% Col 3: A mixture of water at a few temperatures at and above body
% temperature 
% I'm not sure about the units on these, I used them as "shapes", but the
% water and collagen should be the same units (probably simply 1/cm)
%
% Inputs
% wavelength - wavelength of light (nm)
%
% Outputs
% collagen - PROBABLY molar attenuation coefficients (aka molar extinction coefficient, or molar absorptivity), in units of L / (mole . cm). ))
% (could also be in units of L / (mmole. cm) )
% water - water absorption coefficient (1/cm)
%
% See also
% prahlhb, WaterHaleQuerrySpectra

% wavelength, collagen, water
Data = [1546.975611	2.75576e-006	4.90773e-006; ...
1543.292336	2.82316e-006	5.11511e-006; ...
1539.626558	2.92321e-006	5.33573e-006; ...
1535.978154	3.04408e-006	5.57014e-006; ...
1532.347000	3.17036e-006	5.81886e-006; ...
1528.732974	3.2868e-006	6.08255e-006; ...
1525.135955	3.38373e-006	6.36192e-006; ...
1521.555824	3.46059e-006	6.65761e-006; ...
1517.992461	3.52227e-006	6.97026e-006; ...
1514.445750	3.57383e-006	7.30042e-006; ...
1510.915573	3.61859e-006	7.64856e-006; ...
1507.401816	3.65791e-006	8.01514e-006; ...
1503.904364	3.69088e-006	8.40055e-006; ...
1500.423104	3.71456e-006	8.80493e-006; ...
1496.957924	3.72527e-006	9.22839e-006; ...
1493.508712	3.7195e-006	9.67105e-006; ...
1490.075359	3.69444e-006	1.01327e-005; ...
1486.657754	3.64987e-006	1.06125e-005; ...
1483.255792	3.59055e-006	1.11094e-005; ...
1479.869363	3.52607e-006	1.16213e-005; ...
1476.498362	3.46818e-006	1.21443e-005; ...
1473.142684	3.42563e-006	1.267e-005; ...
1469.802224	3.39874e-006	1.31838e-005; ...
1466.476880	3.37945e-006	1.36624e-005; ...
1463.166548	3.35848e-006	1.40744e-005; ...
1459.871128	3.33152e-006	1.43937e-005; ...
1456.590519	3.2987e-006	1.46164e-005; ...
1453.324621	3.26157e-006	1.47616e-005; ...
1450.073335	3.22176e-006	1.48566e-005; ...
1446.836565	3.18002e-006	1.49188e-005; ...
1443.614211	3.13476e-006	1.49488e-005; ...
1440.406180	3.0832e-006	1.49377e-005; ...
1437.212375	3.02362e-006	1.48734e-005; ...
1434.032701	2.95504e-006	1.4743e-005; ...
1430.867066	2.87584e-006	1.45382e-005; ...
1427.715377	2.78398e-006	1.42544e-005; ...
1424.577541	2.67831e-006	1.38898e-005; ...
1421.453467	2.55863e-006	1.34424e-005; ...
1418.343066	2.42428e-006	1.29073e-005; ...
1415.246247	2.27524e-006	1.22781e-005; ...
1412.162921	2.11457e-006	1.15484e-005; ...
1409.093002	1.94975e-006	1.07165e-005; ...
1406.036401	1.79269e-006	9.79262e-006; ...
1402.993032	1.65731e-006	8.80492e-006; ...
1399.962810	1.55217e-006	7.79148e-006; ...
1396.945649	1.47309e-006	6.79379e-006; ...
1393.941464	1.4051e-006	5.85234e-006; ...
1390.950174	1.334e-006	5.00444e-006; ...
1387.971694	1.25537e-006	4.27286e-006; ...
1385.005942	1.17176e-006	3.66358e-006; ...
1382.052838	1.08361e-006	3.17069e-006; ...
1379.112300	9.87824e-007	2.78376e-006; ...
1376.184248	8.85881e-007	2.48721e-006; ...
1373.268604	7.86851e-007	2.26061e-006; ...
1370.365287	7.00716e-007	2.08628e-006; ...
1367.474221	6.31741e-007	1.95115e-006; ...
1364.595328	5.77087e-007	1.84498e-006; ...
1361.728531	5.30536e-007	1.75887e-006; ...
1358.873755	4.86236e-007	1.68627e-006; ...
1356.030923	4.40028e-007	1.62199e-006; ...
1353.199960	3.91236e-007	1.56171e-006; ...
1350.380794	3.42418e-007	1.50265e-006; ...
1347.573349	2.96097e-007	1.44299e-006; ...
1344.777554	2.53675e-007	1.38187e-006; ...
1341.993335	2.16272e-007	1.3192e-006; ...
1339.220622	1.84531e-007	1.25546e-006; ...
1336.459342	1.57977e-007	1.1915e-006; ...
1333.709426	1.3534e-007	1.12832e-006; ...
1330.970803	1.1589e-007	1.06691e-006; ...
1328.243404	9.96408e-008	1.00811e-006; ...
1325.527159	8.66296e-008	9.52517e-007; ...
1322.822002	7.71953e-008	9.00522e-007; ...
1320.127863	7.18107e-008	8.52347e-007; ...
1317.444677	6.9724e-008	8.08114e-007; ...
1314.772375	6.88987e-008	7.67838e-007; ...
1312.110893	6.76482e-008	7.3139e-007; ...
1309.460164	6.56484e-008	6.98564e-007; ...
1306.820123	6.35534e-008	6.69126e-007; ...
1304.190706	6.25354e-008	6.42786e-007; ...
1301.571849	6.38433e-008	6.19249e-007; ...
1298.963489	6.7921e-008	5.98259e-007; ...
1296.365562	7.44094e-008	5.79565e-007; ...
1293.778006	8.31803e-008	5.62934e-007; ...
1291.200759	9.44321e-008	5.48177e-007; ...
1288.633759	1.07441e-007	5.35155e-007; ...
1286.076946	1.20231e-007	5.23763e-007; ...
1283.530259	1.31253e-007	5.13885e-007; ...
1280.993638	1.40287e-007	5.05416e-007; ...
1278.467024	1.47596e-007	4.98273e-007; ...
1275.950356	1.53711e-007	4.92374e-007; ...
1273.443578	1.59594e-007	4.87648e-007; ...
1270.946629	1.6578e-007	4.84037e-007; ...
1268.459454	1.71885e-007	4.81473e-007; ...
1265.981994	1.77361e-007	4.79881e-007; ...
1263.514193	1.81971e-007	4.79184e-007; ...
1261.055994	1.85665e-007	4.79285e-007; ...
1258.607342	1.88993e-007	4.80098e-007; ...
1256.168180	1.9332e-007	4.81554e-007; ...
1253.738454	2.00094e-007	4.83585e-007; ...
1251.318110	2.10083e-007	4.86109e-007; ...
1248.907092	2.23468e-007	4.89039e-007; ...
1246.505348	2.40147e-007	4.92305e-007; ...
1244.112823	2.59401e-007	4.95845e-007; ...
1241.729465	2.80217e-007	4.99581e-007; ...
1239.355222	3.02438e-007	5.03446e-007; ...
1236.990040	3.26931e-007	5.0741e-007; ...
1234.633868	3.54444e-007	5.1146e-007; ...
1232.286656	3.84842e-007	5.15546e-007; ...
1229.948351	4.17533e-007	5.19622e-007; ...
1227.618903	4.51975e-007	5.23679e-007; ...
1225.298263	4.87933e-007	5.27726e-007; ...
1222.986379	5.25434e-007	5.31781e-007; ...
1220.683203	5.63909e-007	5.35853e-007; ...
1218.388686	6.01312e-007	5.39947e-007; ...
1216.102779	6.348e-007	5.4408e-007; ...
1213.825433	6.62719e-007	5.48242e-007; ...
1211.556600	6.85316e-007	5.5241e-007; ...
1209.296233	7.03529e-007	5.56572e-007; ...
1207.044285	7.18532e-007	5.60694e-007; ...
1204.800708	7.32069e-007	5.64698e-007; ...
1202.565456	7.4577e-007	5.68471e-007; ...
1200.338483	7.60411e-007	5.71855e-007; ...
1198.119743	7.7602e-007	5.74667e-007; ...
1195.909190	7.91954e-007	5.76729e-007; ...
1193.706779	8.07025e-007	5.77883e-007; ...
1191.512465	8.19764e-007	5.78086e-007; ...
1189.326204	8.28139e-007	5.77464e-007; ...
1187.147950	8.29403e-007	5.7629e-007; ...
1184.977662	8.21466e-007	5.74923e-007; ...
1182.815294	8.05045e-007	5.73681e-007; ...
1180.660803	7.8388e-007	5.72782e-007; ...
1178.514147	7.62185e-007	5.72331e-007; ...
1176.375283	7.41498e-007	5.7231e-007; ...
1174.244168	7.201e-007	5.72614e-007; ...
1172.120761	6.95365e-007	5.73094e-007; ...
1170.005020	6.66046e-007	5.73554e-007; ...
1167.896903	6.32667e-007	5.73758e-007; ...
1165.796369	5.96647e-007	5.73438e-007; ...
1163.703377	5.59101e-007	5.7228e-007; ...
1161.617887	5.20776e-007	5.69859e-007; ...
1159.539859	4.8323e-007	5.65593e-007; ...
1157.469252	4.4879e-007	5.58694e-007; ...
1155.406027	4.1885e-007	5.48173e-007; ...
1153.350144	3.93162e-007	5.32954e-007; ...
1151.301565	3.70768e-007	5.12114e-007; ...
1149.260250	3.50675e-007	4.85263e-007; ...
1147.226161	3.32066e-007	4.52916e-007; ...
1145.199260	3.14503e-007	4.16537e-007; ...
1143.179508	2.97669e-007	3.78117e-007; ...
1141.166868	2.80939e-007	3.39598e-007; ...
1139.161302	2.63831e-007	3.026e-007; ...
1137.162774	2.46655e-007	2.68466e-007; ...
1135.171245	2.3025e-007	2.38239e-007; ...
1133.186680	2.153e-007	2.12575e-007; ...
1131.209042	2.02233e-007	1.91589e-007; ...
1129.238294	1.91624e-007	1.74853e-007; ...
1127.274402	1.84081e-007	1.61684e-007; ...
1125.317328	1.79337e-007	1.51339e-007; ...
